472586
677376
627834
897156
325373
12880
75053
256730
251537
385218
442010
251535
897158
338079
580107
325375
968412
323607
247399
735966
251588
864996
223717
160529
118094
1
10681
497592
584383
822907
752154
999999
256728
323609
223715
658665
497594
584385
864994
126061
113800
18190
542708
75051
138404
836706
194071
350315
627836
749608
350317
968414
825351
160527
189503
247401
825349
735964
658667
542710
823765
648315
580105
641356
249082
972228
118096
194073
648317
197230
74326
338081
761994
24177
24179
385220
749610
249080
2708
138402
251586
113798
752156
972230
74324
12878
761992
197228
677374
10679
472588
189501
2706
442008
836704
822905
18188
823767
126063
641358
0
