3720 9580
7651 1104
3650 6883
2747 2995
1471 6667
1046 8547
4099 1878
470 6486
1767 2772
4140 452
9573 9285
882 7515
4039 1168
4203 4467
5527 236
5973 1948
4466 4971
8600 4867
8590 5767
7422 9780
180 6148
5295 2201
3916 2997
1191 5680
9573 1195
3366 2042
2413 5736
7061 7712
4691 4802
2976 4000
9606 3523
5988 1670
7354 8188
886 8902
663 8602
1853 1781
4669 5937
125 3271
4536 8565
1473 4066
5419 5287
5412 6114
2684 8700
8348 4215
6333 2266
9732 5144
1554 411
7845 3258
1540 8644
7984 1500
8017 304
7898 6778
253 357
4 7473
5433 3896
8646 8914
8606 8492
6952 1216
8166 3333
5821 691
8584 4939
3644 2927
1054 186
5788 7390
8132 7846
2779 3226
2031 3756
5915 2759
4072 6436
6490 8381
292 5426
2060 1955
7473 7932
1335 6086
9855 5462
3803 8522
4360 4745
5132 2920
9357 5266
9197 4117
735 5830
1643 323
9479 8467
9555 2096
6019 3474
5793 956
2765 3145
8966 2681
8617 2397
8581 9387
5386 9620
5722 6158
8114 4760
6039 3351
3877 3576
4589 5363
1560 617
4803 7979
2604 5065
6438 6137
4273 2852
7085 7700
3528 1871
2616 4679
5289 482
565 7617
3869 4899
1342 8869
1353 1789
2530 8033
520 1488
9790 8795
8452 2385
6456 1880
7873 7970
8968 2854
2678 9901
788 9353
9769 6858
1558 6963
453 8015
8876 8332
5834 5991
4107 3522
6578 8395
1329 297
6667 8349
9286 3011
6662 5956
2110 555
3467 386
1150 7740
4743 4945
3816 6446
8803 8107
2900 2112
3490 7529
7037 5329
5543 9475
9862 2808
5664 2183
4087 8564
3 9829
9848 9502
3299 5414
6616 9547
31 1804
6362 9645
4759 9237
5757 5416
476 3737
5831 8466
6147 659
3517 3588
166 8941
8513 7213
3015 5475
761 2918
3522 4730
2056 4176
6526 6089
8491 9193
3807 8901
8434 7038
3787 1819
2953 8267
2742 5575
2753 1837
9437 3409
6400 3480
6860 3463
1538 1956
588 485
7211 9794
4509 497
4682 1069
9323 5859
9515 2348
208 7057
8265 2851
998 5881
5261 4089
6983 2856
9864 4917
7075 6232
602 4866
3885 1270
3372 6145
9315 6640
4640 9309
9688 6781
3202 5609
5167 9463
5083 6662
838 7156
7267 5281
6109 9683
2624 7785
145 5585
3455 2558
6090 7915
6878 9253
6909 5949
1347 7848
7934 5289
685 8122
822 8644
2117 9256
4749 7418
1728 443
5413 3826
3780 1642
1891 1435
2420 8749
7433 2214
4714 2044
4100 8750
1488 2101
3136 5010
5868 1373
9171 6435
8437 1294
8125 6872
8566 2622
842 5247
4446 8496
8897 1662
9824 5476
7644 4295
8510 8649
8308 5226
1198 1939
2008 9397
4822 5896
2250 9223
7369 4116
1430 2978
4541 5900
7888 5230
3528 2799
681 2842
5784 8824
9069 4909
1772 6705
45 715
5538 5522
8436 1043
6797 519
4039 3493
6338 2287
2478 1617
9872 4673
3370 9690
3465 5657
6978 7530
7841 111
142 2255
6499 264
6607 9459
2298 1399
9545 7849
451 9660
366 4179
2972 4540
632 4193
7401 8785
5490 5363
4835 4168
1171 5104
3421 9880
3321 7983
6741 9890
1662 5619
1618 7332
6409 3843
5312 2824
5908 1383
8342 6762
2982 8431
3888 294
556 2701
8670 863
6152 8611
3624 7085
566 7191
3996 1694
9719 2323
166 972
4076 9736
2666 6815
8737 5251
7569 6570
243 1352
4558 4640
495 7851
4572 1481
1161 6957
5382 4032
3958 2803
5554 9780
2502 9379
27 574
8129 5848
4297 7458
1613 2564
6111 766
4425 2773
3393 2495
4410 5440
5728 9075
3871 2858
2164 7482
7042 550
9893 8614
2142 7000
6437 1201
4392 3880
7053 7789
6331 1299
4259 5302
9396 2715
5397 9476
8838 4734
9605 7917
2203 1572
7056 4983
2729 7906
6540 6555
1420 971
1294 837
6453 2038
8246 8712
3231 7115
5848 6174
4233 2711
7239 3117
6213 976
831 3429
7325 1362
4495 3158
5340 7975
1234 383
624 8997
9433 3217
4874 4321
7574 1234
8095 7041
4551 5997
3359 815
8525 9974
7983 8282
2185 5099
3797 9191
482 7127
5632 5316
7957 5632
4865 1597
3625 8512
1626 8983
7517 1360
6097 1242
4977 1104
3616 364
6270 6068
7037 7800
8195 7385
65 974
4381 6277
5255 1284
689 6475
1012 7434
3769 3454
7229 2234
3658 7069
6617 6366
3054 1549
5284 2956
7202 8996
1676 6541
1422 945
604 4379
5724 5738
4499 840
7671 8125
2720 3531
2994 2520
6524 9510
1281 6771
8628 1363
6952 9387
1970 3757
4847 2298
6839 6634
8974 8082
6631 4822
6955 89
4273 4715
5453 2221
8025 4268
8731 5560
5907 6849
3510 7919
6718 3117
6544 4981
7659 7499
8248 973
521 4311
5940 940
2143 7353
1337 8957
8309 1147
6345 7262
7503 8172
8969 759
2742 8462
5342 6187
4485 8329
3188 583
9469 1938
6363 6119
9749 7334
6014 4200
8562 9713
1505 4824
5967 2907
4966 1449
4825 642
4796 741
8138 8627
533 6316
4736 2033
4947 792
2297 9384
1454 50
12 4603
4628 8621
1799 3273
3261 6607
7025 1534
9002 3984
4844 742
9674 3740
7945 3661
3865 5602
7943 4050
9621 4543
3209 5290
7213 6229
3507 2320
8857 7508
2897 90
2512 7019
5076 9447
6394 3703
4090 7796
4883 8618
6505 2206
169 1431
4311 7777
850 2874
953 8879
652 3189
8438 9469
402 8596
5192 7863
6872 5730
6254 6468
6228 8117
9008 6148
7561 3620
5633 6549
6273 1672
4666 4453
2598 4752
2745 6018
1389 2783
117 3134
5247 2625
1052 6478
6454 9627
3611 8529
7520 2639
7513 3965
7011 9470
656 7076
8686 4377
9801 1014
2839 2720
5956 9681
9110 5707
6593 228
4925 7447
2158 4321
1666 8135
125 3936
4347 3500
9760 6592
9205 336
2372 2312
2193 6332
6839 2300
1708 298
4024 9035
3641 1284
4890 9173
4956 8075
2964 2314
550 4948
8968 8670
3128 4029
8142 4505
6646 2269
9420 4138
1547 1273
756 3243
386 3730
5594 7807
7799 7388
2496 2200
6059 9818
5457 1158
6446 8053
9846 2634
1388 156
7224 6216
6967 1268
8291 3083
8092 8065
9778 1474
4549 2717
9549 9144
4106 4308
5820 4289
5493 2451
4215 8465
4977 7893
876 8887
7790 5980
9163 1670
163 1521
3457 6979
896 9763
1455 9242
5488 6619
4199 332
407 6480
5955 8756
3678 7526
4242 9815
7784 6578
3375 7145
1471 6856
9839 2524
4208 8837
4887 1427
480 9081
3016 4644
9994 5932
8 5772
582 2161
3566 6253
1543 8823
6826 5250
3296 6636
8926 4436
6388 5085
2205 4581
4458 4073
111 3961
281 3700
862 5780
6710 1142
7184 6734
919 1283
6833 5155
4114 918
6716 4936
4791 7382
3078 3240
5542 9595
5527 7868
1199 1001
501 3241
901 203
8607 7330
5501 1963
6387 1358
5001 3246
5821 9589
8603 3565
205 277
8520 9517
7316 1425
7355 32
8314 5464
755 8693
8190 2627
1611 9466
5963 5960
6275 5122
2356 556
3312 5473
3276 9142
7357 7444
2884 1726
4651 2573
4722 8596
1677 4828
7258 1372
7977 9146
3356 6519
6747 2367
6025 4830
6572 9331
1235 9032
2650 3489
2417 9898
3573 8008
668 5774
1558 3035
4760 9164
7515 4888
9154 4196
2003 5990
1907 5134
4451 359
6862 1801
9731 189
5052 5040
7448 2969
6081 3259
1614 5054
9626 5537
8641 6788
9558 8298
9432 4921
414 3731
2367 7730
1170 5067
9200 1407
3618 2186
1773 6732
6454 8898
7341 8275
6650 1245
9601 3279
3817 1030
7521 140
8580 3795
7335 9338
2383 8608
5560 577
825 4279
6394 3758
6279 3659
4583 3467
1707 2021
5693 6604
8502 549
4766 6934
2439 4714
6795 7962
8158 3244
5592 6351
1810 406
6172 1310
1244 5778
9864 1126
3886 2637
273 6624
9043 3753
572 7278
4339 9825
7013 4012
6787 3703
8379 9672
1064 6905
667 2877
8918 3203
3032 5739
2073 2174
1316 9667
6847 5541
2398 3742
9408 1528
6824 5709
9467 4121
4371 5371
3214 5940
233 8335
9697 1084
3415 3502
6000 6688
3013 9837
4467 2925
532 3316
3068 3453
3075 9534
5021 1165
125 8012
2419 8300
306 8905
7187 3903
2688 5480
2879 4689
6719 154
6292 7912
8214 605
6083 1315
8685 6318
9403 207
1264 6846
9216 2665
7596 50
9482 8766
9673 5652
8332 6846
324 9991
3406 2206
520 2392
1082 4285
7609 5265
2800 190
6156 5879
9894 2164
6582 5011
4512 1757
3904 4461
7384 7397
164 2947
6761 8619
2902 1354
2750 4384
7186 540
6178 6588
3806 5711
915 8682
5723 1511
3385 4628
1454 4913
8269 6137
2325 3408
5463 3291
3144 3429
4152 2245
6638 6615
9024 5369
2089 5090
4093 3864
9983 8043
7074 2107
4261 754
3183 1582
7338 2704
9586 7292
8990 9600
4314 4518
7134 8890
9332 4892
2476 8634
437 6062
9199 8159
4706 716
2516 272
862 4746
9088 9641
3905 207
3619 4403
5154 7789
1066 1713
3905 9307
722 5238
7907 8429
8388 9940
6203 1573
3521 9504
8002 3011
1051 1090
7858 1224
8205 2296
773 344
1112 9241
4837 6414
7212 3287
4815 1177
7551 9822
9481 9652
6125 7865
6748 9876
7340 3939
4016 6266
4794 3819
6979 5608
3797 8289
1670 4144
3415 5774
9124 7208
8412 2128
7600 7722
9794 6786
698 2856
4380 5258
3789 7581
1090 5771
4728 7614
3913 5675
2135 8959
2683 95
8925 3458
946 5891
4336 6602
2566 7558
4449 3757
4704 2961
231 4344
5178 3304
7335 9581
3702 1513
1266 9432
8040 9618
4971 8607
5008 3119
995 967
792 4961
883 7619
5846 810
6406 1720
5118 8452
688 956
6984 8433
9486 2092
1753 5149
9675 2237
7761 4016
5357 9658
16 6608
8298 5132
6373 532
9402 7240
5141 9107
7690 6081
5876 3642
5882 9183
7923 4364
7588 3192
4503 3444
1721 6282
7346 4662
1498 6458
7136 7539
2192 8007
7759 5019
6488 2184
4204 3293
4383 2852
7862 2826
1637 2160
1889 2520
6689 9906
9834 8850
4801 245
402 3692
9692 869
3497 9077
903 6154
5144 885
992 5506
6298 5622
3674 407
1256 2639
7749 9296
5680 7290
8617 4946
3905 7735
3951 2439
134 4282
7980 6759
7692 9088
9115 7347
8258 1103
2502 4449
6572 1627
6097 2961
8036 756
9699 4733
1869 2381
625 7791
1477 8248
1625 797
2183 1916
744 5360
8282 9689
2088 4563
3306 6274
7370 7926
6513 6472
2220 9409
9185 4344
311 8246
4545 2875
2679 3263
1377 4460
3863 9559
4427 2758
4265 2405
2536 4619
4496 4930
316 1937
8602 1675
7440 1030
7501 5651
6122 1797
9612 4496
5787 7969
6101 5173
2149 9102
5163 8080
9014 2831
8188 5002
4837 921
4446 9724
792 7879
3914 7921
6432 8055
2629 9574
961 1682
839 3517
3474 1032
4682 8385
8109 3113
3777 3044
5140 1489
562 9956
7105 5371
6578 3501
7559 4422
6315 6728
4202 2533
9212 1456
9816 6303
5677 6197
8115 9671
4670 4042
5676 5207
3979 3032
7741 3909
1854 8582
3858 584
8593 3232
917 3171
974 6580
3077 1823
4965 956
115 4680
8265 8981
8553 5806
2119 5454
6343 3723
7828 8780
1211 2388
9426 3818
4284 2537
879 1390
6756 4822
4507 4583
5735 4204
2979 7218
9604 7978
319 2412
1719 4676
2420 3234
9592 9270
1174 5172
6004 5890
6750 5592
8309 7397
9140 4538
5969 4615
6746 3553
1788 3921
5700 6429
6491 6137
7127 5245
2982 3833
7565 9037
7273 734
2018 1708
9432 9932
831 7899
7196 6591
5680 6673
1646 7164
3684 3276
8430 5526
4625 8163
6384 6460
225 5174
836 6351
8141 3335
6785 1170
2052 8689
5598 6122
4136 1814
6061 8757
3637 7448
947 4119
5695 8109
6760 2191
7959 4197
6888 1240
633 2119
5795 9579
6197 6919
1255 7458
632 7461
9960 567
2615 8655
5050 4491
3688 9478
187 3027
7132 3693
7647 6093
9645 4654
1992 5536
3120 2920
962 2657
6006 4083
4617 5570
533 6931
4264 8133
2110 6874
4927 4302
3963 2600
2272 9750
9591 7438
7846 5452
745 8657
642 5254
6734 7801
4355 485
4947 5929
2065 6470
2524 6825
4935 5173
4932 8478
4875 2156
7345 4892
394 586
9251 9522
2805 4062
6041 3331
4066 6290
6383 6245
737 6261
3144 6498
3052 465
5077 988
1545 347
3151 8254
1967 472
4710 957
5571 1132
6054 2989
2734 3678
771 2976
1340 4040
4258 3833
1556 2347
2787 7743
447 607
6750 1965
5991 9399
441 5926
8701 2755
9587 1429
9303 4495
4064 9955
5012 9753
8418 3810
9501 1696
16 5814
2890 4120
9349 8579
4094 5465
2632 9330
4561 7815
2484 5981
9352 8781
7331 6794
6850 5475
5724 8788
4209 6766
8773 2148
8548 2982
3783 9247
9629 4883
8557 745
1971 8129
8712 8391
358 2354
7987 7922
7755 5826
845 9879
1091 710
8392 2508
4668 1438
3549 7933
771 3801
7914 372
9396 5912
9098 8375
2929 3339
9119 987
9739 871
3534 1383
7983 7561
278 6339
272 7540
7055 7695
205 2246
2220 3328
2878 9976
2252 7173
1345 21
5842 2456
5163 3522
1471 6944
45 6155
4889 2035
213 6831
6426 6088
5229 5073
504 7738
4437 2080
5244 5561
5464 7360
6017 539
3517 2807
5179 7216
8413 3604
7778 1299
9739 5945
329 1052
2661 5417
7951 7282
3510 1724
8642 2590
3013 5776
3002 314
9101 4922
3161 6201
7082 3162
3565 9840
6301 7292
944 722
7596 6539
8237 4121
2169 1872
6542 6160
2141 792
678 5710
6273 7523
5048 4188
8057 7177
4883 8440
1278 8151
8394 482
5142 3591
708 8643
6753 9758
6029 3422
4707 8542
9543 1071
4681 44
8433 3935
442 7100
8817 6010
1947 3032
9761 7079
7359 8992
4548 8662
5834 8763
4164 3257
2848 5499
6281 3561
8606 9599
599 6873
308 9762
6837 1239
4030 2656
4629 5247
2974 6937
2133 9242
6360 7934
2241 7043
8362 7352
4931 1322
5893 2505
2985 8962
4652 570
8672 6261
8904 7907
7570 4535
2789 8297
3978 1687
5533 1313
7584 2882
1039 1939
2277 6994
9500 6042
6620 9428
2206 2167
5827 2312
4948 3877
5309 561
2846 3144
4174 4107
2914 671
3250 300
8121 2856
4186 7523
3242 4898
5684 3117
9040 2622
790 8071
1786 6607
8918 3566
7279 2160
9993 7874
2507 1797
8870 4601
9035 233
8262 3631
4321 2838
6523 9531
836 2932
1578 2157
6456 2824
4150 3364
5605 7678
9051 7980
3703 8353
4787 9540
1249 359
232 4014
7678 2234
4759 2447
7718 7441
5965 7030
2649 3181
4193 3498
5339 7759
4733 1451
4140 2775
4650 4203
562 1975
6344 8710
3574 3462
8663 204
696 8208
5653 6239
4528 7466
9620 1143
5698 3556
5974 7027
9485 8392
2168 779
3840 7390
1976 1681
9321 8418
1813 6421
9468 7661
1890 9543
1532 9807
742 5671
9225 943
6211 265
7270 3241
1056 7749
1717 7270
325 6394
3826 4202
2803 2067
1929 6070
5166 9505
5045 8093
4809 9863
213 8436
5804 7221
5149 2083
1843 3884
471 7128
8182 1297
6148 2426
6320 1549
1907 3515
527 5968
6219 6679
8088 7477
8057 6905
612 9409
305 6989
6778 9989
963 1520
3898 1731
2204 6707
7732 4590
4998 2159
755 1434
4221 1298
2457 8786
1950 3815
71 1912
5550 7028
7097 5367
3364 3437
2013 436
7540 8406
9326 8819
8281 1845
9905 3206
5118 3862
5099 7632
5738 5928
4365 3896
262 5829
7837 1625
7643 6127
6226 3110
7581 7253
9420 2715
9070 8725
8077 4046
3744 7819
264 1140
9291 1240
3988 5393
4407 9534
653 8183
1911 807
7448 7263
3362 4261
7985 9638
9455 9765
6323 8878
9532 4045
6371 790
555 3220
8265 324
5850 4017
4667 1198
6861 8075
6920 1992
26 5759
5390 871
3249 3792
3177 6404
7430 7929
8201 9165
205 9694
8862 3157
3840 8945
67 9548
1712 2048
7796 8953
8789 8571
4589 4771
2340 1779
3376 9695
924 7102
7507 6388
6349 6263
4484 714
918 2819
1289 1553
1081 5902
7224 2542
3357 9428
288 5424
8815 939
5507 3137
1591 2381
3024 5384
3202 9700
1713 7611
7073 7214
9550 513
5917 6961
139 1877
5621 7623
453 3863
1719 8618
7253 1869
7495 3563
6366 3527
4542 9819
2601 5456
1441 557
2890 368
957 4371
3806 687
2284 7988
8803 2915
9911 8112
9941 7050
6121 6186
7169 6563
2395 2132
3927 6215
881 5593
4289 4853
7856 3283
1546 9499
8618 9772
253 7537
6664 2050
427 7759
5986 2436
8264 254
9566 7353
2707 9676
6403 896
9632 985
5561 1761
3668 2335
1888 4147
589 2494
6057 5895
8699 8837
5732 8561
1630 1581
8599 854
4925 3471
6727 9217
5312 8118
2502 224
7163 5855
9146 604
3608 5661
3270 4006
7488 7465
8263 2316
3205 1110
7037 8970
8831 1778
3252 4670
7425 6617
5646 3812
7847 9540
862 8192
1103 9023
9652 2922
9153 9160
160 8418
8315 8642
1109 6197
8958 5673
6283 8601
7375 800
5584 4066
4203 3463
1229 1575
4842 4809
6481 558
8926 6113
4860 4916
4824 3836
2682 2921
3623 9241
6442 4152
7423 8829
1673 7460
3026 7108
1600 5005
4845 1538
3543 530
258 7383
5412 5841
9645 1136
2724 2202
3781 4362
8325 1569
3265 3858
7950 802
2948 8888
6811 6639
8726 1394
4680 4693
2225 1021
5369 7069
9061 2814
7669 2590
9384 7894
1453 4447
222 596
2348 7402
560 932
508 4125
9836 1733
3522 2522
825 2041
3192 5181
3525 6805
9190 6222
5742 5464
4780 1052
1785 8569
4045 1450
4002 2968
8907 4854
3072 6951
7996 6340
3188 2802
5782 9593
5134 1129
2044 5843
6300 4030
149 1798
3744 9353
7061 5873
349 762
3450 8335
9342 2614
197 442
8787 6306
5091 3146
729 398
6504 1306
4548 4824
2599 2219
731 5377
6543 3443
3233 1837
4933 9901
2395 9284
8522 2020
5955 2229
9882 6282
9480 9466
3761 7074
6560 8615
7097 3150
9211 2188
8740 9650
8981 1322
7762 8807
6263 3938
8432 9228
9067 3737
6733 3783
7194 3608
9914 4345
9491 1391
8478 9840
8667 3786
8851 9078
9788 4603
8000 7286
5212 4391
9700 2527
2010 3197
8780 7713
7046 4992
3041 516
8110 2742
3729 2631
2113 3098
9896 5574
6946 3612
1322 8661
1771 1576
9936 8170
3051 211
7709 9207
2814 2273
6348 7764
2087 5316
5992 3067
396 575
999 2477
9518 4841
4756 9138
3028 797
3240 9982
9267 8814
772 7791
4188 5528
8813 2402
8290 1778
5300 2757
9942 879
3697 3127
513 1299
6428 7388
9773 419
3495 1149
6272 2789
4315 7916
9415 6711
6734 9572
5467 4971
3614 1039
5282 6592
9085 818
1140 2748
8568 5555
4344 2213
2405 43
6075 7647
265 358
2221 6575
1492 6006
8728 2942
8410 2280
3789 3066
4558 7166
3245 2790
2525 763
5216 4274
8340 2110
870 6901
7086 7830
5656 3222
7326 5843
6922 4443
6198 8573
5391 392
722 5694
8345 7641
4804 2602
844 4811
7533 2431
6813 1540
1796 2087
396 4931
9590 3690
7755 4530
8698 465
7002 7912
8383 9301
9041 2571
6693 4294
6921 1218
1573 3192
455 6985
1278 5735
5270 7166
8189 8603
8592 7704
5640 8934
1352 7975
4999 5834
6887 1494
7759 2073
7266 2957
2524 84
1972 4803
8507 564
7165 977
2866 6967
2743 9810
5596 5186
1984 1926
9716 3910
1753 4774
8317 3693
4778 4529
8875 6115
3887 4053
5874 5969
7364 6634
7066 7860
1000 3400
1339 4524
4161 9657
4171 6161
2764 2168
6177 9536
3150 8120
8965 2740
9341 4242
2118 447
1524 4951
1063 2551
6103 6452
2615 5358
5427 8419
8571 8969
4944 7117
9851 6962
2887 317
9318 9737
3754 1488
18 8901
6788 9657
6036 1640
2479 305
9880 9137
4283 8795
2430 5291
8545 4277
4145 7603
3285 1083
2309 5447
6657 1894
2060 3705
6756 5826
7493 5331
2438 6349
3075 4228
5830 26
6037 9400
9619 1174
9127 5990
1235 946
5220 7012
4371 5294
885 1173
9020 5223
9947 802
3710 3656
6517 7030
4348 7948
6478 2882
7700 8291
3303 7346
5928 6706
252 8567
4062 1525
6966 6771
7488 3712
2797 5364
7265 387
2263 3431
7309 8987
9585 4366
6380 5861
4904 6076
3779 9918
7124 668
3958 3831
4403 194
5598 4372
302 5385
6035 9666
5802 6172
726 9800
1549 4272
6734 1159
2266 2046
301 9419
7803 7935
2990 8100
5434 1744
2317 5022
9020 1652
9186 267
458 8457
6060 7939
9950 7650
3174 1250
6150 9204
5593 8431
2184 925
590 4941
2083 4670
5454 3467
5677 8281
2680 4966
4126 5317
9166 5006
3752 5758
7500 885
4802 7082
7877 4420
7199 8278
6380 3240
3792 9679
6749 5034
4947 6893
9526 4572
8133 9274
6501 1550
4235 64
8111 1393
7945 6031
6073 1795
6654 8942
3687 1113
7068 1146
8239 2587
4855 2074
4073 2536
6042 7858
7013 3258
5168 7910
6169 8405
709 5590
2438 4441
5642 9208
5718 151
5823 4132
1236 9041
736 9944
1495 7721
3663 4956
5980 4411
6906 7520
1952 9447
8584 9777
7959 8694
7333 9402
9756 1326
8135 2743
6805 7168
9229 325
9553 2975
7891 5702
1025 3323
6276 7488
81 6411
6285 9205
5362 1482
6074 2589
5493 2168
4127 3039
5461 1248
1237 9871
6354 2474
5183 4209
5942 2711
9736 5419
1605 6682
4362 1097
9478 6950
1773 1514
696 9474
3995 3656
5827 8602
9900 37
2669 2463
6339 4288
6757 4766
308 3671
9983 9373
8640 3559
8476 834
7567 4062
9477 5630
6264 8802
1957 4183
9616 4858
3297 9267
6860 2474
516 6144
2581 6844
4811 6000
9944 1258
7177 6130
5670 9752
9416 8780
6447 2125
13 7652
2198 2019
7846 6334
3248 4772
1299 6223
2175 2612
1503 8113
4086 7662
6169 5807
744 2198
8515 3888
6225 9326
8262 9840
8720 740
2224 7578
3855 6505
8363 5746
2193 4044
8091 3134
295 724
2468 9637
4495 5581
6790 6720
9258 3513
1782 9725
2281 4088
6762 5218
1043 6178
4608 2078
5796 1633
5323 6747
7749 4332
6556 1360
8245 1614
1705 4963
7969 5206
8876 8124
6469 5063
9019 788
3599 6335
7839 3916
9116 7268
947 810
9073 4746
1275 8350
3256 2482
4654 2675
3397 3549
5442 2274
6596 7406
1059 9632
9809 3741
863 3127
4308 8903
8897 2610
4567 4243
7816 8737
3029 6191
6723 2557
4336 4121
6283 757
1807 9739
3245 2359
1251 7229
1506 8987
1844 9422
4765 1929
444 4333
5841 6043
8800 5345
7852 5324
6119 2361
4852 848
1768 3774
7101 4781
8708 3348
9076 1415
9485 5247
4635 666
1586 7315
496 2112
2696 8099
8636 6402
2726 3931
6950 4667
7453 8153
8897 3113
3378 5254
6233 4060
1866 6067
3013 6737
7537 4126
5017 5624
4838 244
8332 1360
9191 3904
1792 245
5476 9410
3939 7728
3698 5659
545 301
9647 1300
180 3098
2605 5710
1017 6299
1742 5604
5728 3466
666 8156
1264 2955
5919 7949
5348 190
9541 9931
8598 526
1404 5661
6663 8470
7829 6192
1512 9219
4043 1268
4248 4133
9228 3460
202 7199
5159 9571
2945 4158
5028 1634
4203 790
9610 3870
3752 5383
8673 6678
2390 3326
7973 7578
5147 1593
2723 1070
9981 8323
6163 9870
4593 941
3874 7549
30 877
6731 3142
0 0
